plot_colours <- c("#446e9b", "#999999", "#3cb521", "#d47500", "#cd0200", "#3399f3",
                  "#333333", "#6610f2", "yellow", "brown", "peachpuff", "#6f42c1",
                  "#e83e8c", "#fd7e14", "#20c997", "#000000", "grey50", "#eeeeee")